$ANSIBLE_VAULT;1.1;AES256
39326161386231393036363762366639663636353534356230323033666437653030633737393266
3738343230373530303262343335633965616237623131660a613362353961393030323464346363
33316434336565613563346338356233646364383265313733333366303233346262623336326661
6163646466373666610a396663333361313065333233313262313165383465663862363233386462
61333236616461376330613035363261663936636131613732346532666338316335396564303839
31643139623837373636343336316236383038363934363166616130633562653430643634393732
32303562353363383632653934643565323731333731363837646234366138336433663731383939
32383865383230363233366638613533346538393763373330393961393731616434656639636465
30353134326262393764303933353336306431663032666437343062366334663661656163633865
36323763653766393035643237306337343630646235623638386663366163306662326131313136
333734636364313732343037616535323266
